Titin_folded_v2
Molecular
Geometry
1818
N 95.07 66.48 27.06
H 95.23 67.37 26.54
H 95.72 66.43 27.87
H 94.14 66.5 27.52
C 95.21 65.33 26.14
H 94.25 65 25.77
C 95.92 65.63 24.81
H 95.75 64.83 24.07
H 95.46 66.56 24.39
C 97.39 65.99 25.01
H 97.47 66.59 25.94
H 98 65.07 25.18
S 98.1 66.9 23.6
C 99.43 67.71 24.54
H 99.95 67 25.22
H 100.25 68.19 23.97
H 98.92 68.45 25.19
C 95.82 64.14 26.79
O 96.73 64.31 27.6
N 95.35 62.88 26.63
H 94.64 62.69 25.96
C 95.88 61.74 27.3
H 96.33 61.98 28.25
C 94.75 60.73 27.59
H 94.38 60.37 26.6
H 95.23 59.92 28.17
C 93.67 61.31 28.5
H 94.17 61.71 29.4
H 93.1 62.19 28.13
C 92.66 60.3 29.06
H 91.78 60.66 29.64
H 92.18 59.75 28.22
N 93.45 59.3 29.83
H 93.81 59.48 30.74
C 93.58 57.96 29.63
N 94.17 57.14 30.55
H 94.4 56.22 30.22
H 94.8 57.55 31.21
N 93.15 57.31 28.51
H 93.28 56.32 28.49
H 92.59 57.8 27.84
C 97.05 61.04 26.67
O 97.79 60.37 27.37
N 97.25 61.14 25.34
H 96.71 61.7 24.72
C 98.19 60.23 24.77
H 99.11 60.16 25.33
H 98.25 60.45 23.71
C 97.74 58.82 24.64
O 98.58 58 24.25
N 96.47 58.46 24.86
H 95.7 59.05 25.06
C 96.04 57.13 24.54
H 96.8 56.48 24.12
C 95.24 56.45 25.67
H 94.35 57.07 25.92
H 94.85 55.5 25.25
O 95.99 56.08 26.81
H 95.43 55.68 27.48
C 95.05 57.29 23.44
O 94.43 58.35 23.29
N 94.86 56.2 22.68
H 95.48 55.44 22.84
C 93.85 56.08 21.67
H 93.12 56.87 21.81
C 94.36 56.23 20.22
H 95.03 57.12 20.18
H 94.84 55.31 19.84
N 92.96 57.84 18.92
C 93.3 56.53 19.21
C 91.84 57.75 18.23
H 91.26 58.53 17.74
N 91.42 56.47 18.04
H 90.59 56.28 17.52
C 92.39 55.69 18.65
H 92.27 54.62 18.76
C 93.34 54.69 21.82
O 94.07 53.75 22.12
N 92.04 54.47 21.54
H 91.4 55.15 21.19
C 91.56 53.12 21.59
H 92.3 52.38 21.31
C 90.89 52.67 22.9
H 91.63 52.83 23.7
H 89.98 53.26 23.14
N 91.32 50.25 23.41
C 90.45 51.24 23
C 90.61 49.14 23.45
H 90.95 48.17 23.82
N 89.3 49.4 23.19
H 88.55 48.84 23.52
C 89.18 50.75 22.89
H 88.28 51.23 22.54
C 90.56 53.03 20.5
O 89.8 53.98 20.28
N 90.51 51.95 19.7
H 91.13 51.18 19.79
C 89.42 51.49 18.89
H 88.57 52.15 19.03
C 89.86 51.7 17.43
H 89.95 52.79 17.23
H 90.81 51.19 17.2
N 87.83 51.89 15.98
C 88.93 51.16 16.38
C 87.21 51.1 15.12
H 86.23 51.29 14.7
N 87.83 49.91 14.91
H 87.7 49.32 14.11
C 88.94 49.97 15.73
H 89.72 49.22 15.65
C 89.1 50.07 19.17
O 89.91 49.27 19.63
N 87.85 49.67 18.86
H 87.16 50.23 18.42
C 87.45 48.3 18.71
H 88.13 47.72 18.11
C 87.22 47.53 20.01
H 88.2 47.58 20.54
H 86.5 48.05 20.67
N 87.93 45.35 19.18
C 87.03 46.04 19.96
C 87.57 44.08 19.25
H 87.92 43.47 18.43
N 86.55 43.9 20.13
H 86.04 43.04 20.17
C 86.2 45.16 20.59
H 85.42 45.46 21.27
C 86.12 48.37 18.03
O 85.66 49.48 17.77
N 85.53 47.22 17.67
H 85.91 46.35 17.96
C 84.27 47.08 17
H 83.75 48.02 16.89
C 84.52 46.8 15.51
H 85.27 47.44 15
H 84.97 45.78 15.44
N 82.84 48.24 14.45
C 83.27 46.95 14.69
C 81.89 48.2 13.55
H 81.48 49.08 13.06
N 81.59 46.9 13.24
H 80.95 46.61 12.53
C 82.5 46.12 13.93
H 82.64 45.05 13.93
C 83.42 45.97 17.51
O 83.87 44.87 17.82
N 82.1 46.21 17.63
H 81.79 47.09 17.26
C 81.12 45.3 18.13
H 81.4 44.9 19.09
C 79.82 46.07 18.44
H 79.48 46.5 17.48
H 79.06 45.48 18.99
N 80.3 46.63 20.77
C 80.01 47.1 19.51
C 80.47 47.71 21.52
H 80.7 47.68 22.58
N 80.19 48.86 20.85
H 79.93 49.76 21.2
C 79.92 48.46 19.56
H 79.7 49.17 18.77
C 80.79 44.17 17.22
O 80.83 44.3 16
N 80.58 42.95 17.75
H 80.46 42.94 18.74
C 80.44 41.77 16.97
H 79.83 41.97 16.09
H 79.84 41.08 17.55
C 81.65 40.98 16.59
O 81.59 39.92 15.98
N 82.87 41.39 16.98
H 82.96 42.33 17.31
C 84.06 40.62 16.85
H 84.09 40.08 15.91
C 85.27 41.56 16.82
H 85.39 42.02 17.82
H 86.2 40.98 16.6
C 85.27 42.59 15.68
H 84.32 43.15 15.58
C 86.47 43.49 16
H 87.41 42.9 15.87
H 86.55 44.46 15.46
H 86.42 43.72 17.09
C 85.58 41.87 14.36
H 85.91 42.57 13.56
H 86.43 41.17 14.5
H 84.69 41.34 13.97
C 84.26 39.56 17.88
O 83.56 39.36 18.87
N 85.29 38.73 17.64
H 85.75 38.7 16.75
C 85.86 37.79 18.56
H 85.08 37.05 18.72
C 86.85 36.94 17.82
H 87.43 36.26 18.49
C 86.2 36.15 16.67
H 86.77 35.21 16.49
H 85.22 35.97 17.16
H 86.13 36.72 15.72
C 87.94 37.88 17.29
H 88.82 37.38 16.83
H 87.5 38.45 16.44
H 88.31 38.47 18.15
C 86.43 38.24 19.85
O 86.89 39.38 19.88
N 86.45 37.58 20.97
C 85.5 36.49 21.16
H 85.94 35.55 20.75
H 84.52 36.75 20.71
C 86.99 38.1 22.19
H 86.44 39.01 22.42
C 86.5 37.15 23.28
H 86.27 37.72 24.2
H 87.31 36.43 23.56
C 85.27 36.46 22.68
H 84.29 36.87 23.01
H 85.19 35.45 23.12
C 88.45 38.41 22.25
O 89.26 37.67 21.69
N 88.8 39.47 23
H 88.1 39.94 23.53
C 90.16 39.9 23.1
H 90.73 39.64 22.21
C 90.21 41.43 23.18
H 89.67 41.71 24.11
H 91.18 41.96 23.31
C 89.48 42.07 21.99
H 90.15 42 21.11
H 88.52 41.55 21.77
C 89.3 43.58 22.19
H 90.27 43.89 22.63
H 88.91 44.13 21.31
N 88.2 43.78 23.18
H 87.52 43.06 23.32
C 87.85 45.01 23.66
N 86.64 45.14 24.27
H 86.24 46.03 24.45
H 85.96 44.41 24.16
N 88.61 46.12 23.44
H 88.34 46.93 23.94
H 89.44 46.06 22.88
C 90.73 39.36 24.36
O 90.15 39.48 25.44
N 91.97 38.85 24.28
H 92.55 38.97 23.48
C 92.75 38.32 25.36
H 93.47 37.58 25.03
H 91.99 37.95 26.03
C 93.37 39.21 26.38
O 93.71 38.68 27.44
N 93.53 40.52 26.14
H 92.99 40.82 25.36
C 94.34 41.48 26.83
H 94.84 40.96 27.63
C 95.43 42.12 25.95
H 96.08 42.86 26.47
H 96.1 41.28 25.68
O 95.02 42.6 24.69
H 95.8 42.94 24.26
C 93.44 42.49 27.45
O 92.29 42.69 27.07
N 93.87 43.2 28.51
H 94.78 43.04 28.87
C 93.06 44.11 29.26
H 92.12 43.62 29.48
C 93.82 44.53 30.53
H 93.14 45.27 31.01
H 94.78 45.04 30.31
C 94.05 43.41 31.56
H 94.81 42.66 31.25
C 94.64 44.09 32.81
H 93.8 44.67 33.26
H 95 43.41 33.62
H 95.42 44.82 32.54
C 92.83 42.52 31.83
H 92.04 43.07 32.38
H 92.52 42.02 30.88
H 93.17 41.65 32.42
C 92.89 45.34 28.44
O 93.54 45.57 27.42
N 91.93 46.17 28.86
H 91.38 45.82 29.62
C 91.62 47.44 28.28
H 92.39 47.76 27.6
C 90.29 47.5 27.6
H 90.23 48.47 27.07
C 90.32 46.46 26.46
H 91.26 46.48 25.85
H 90.28 45.46 26.92
H 89.45 46.47 25.78
C 89.08 47.26 28.52
H 88.97 48.09 29.25
H 89.19 46.41 29.23
C 87.83 47.4 27.66
H 87.75 46.78 26.74
H 86.96 47.02 28.24
H 87.59 48.47 27.47
C 91.64 48.48 29.36
O 91.59 48.17 30.55
N 91.84 49.76 29.01
H 91.75 50.07 28.06
C 92.25 50.74 29.96
H 92.86 50.3 30.74
C 93.07 51.83 29.25
H 92.44 52.24 28.43
H 93.93 51.29 28.82
C 93.49 53.06 30.07
H 94.11 52.88 30.97
H 92.53 53.55 30.33
C 94.11 54.17 29.24
O 95.23 54.59 29.63
O 93.49 54.64 28.25
C 91.13 51.22 30.82
O 90 51.28 30.34
N 91.4 51.64 32.07
H 92.27 51.38 32.47
C 90.54 52.28 33.02
H 89.53 52.34 32.65
C 90.53 51.55 34.33
H 91.47 51.71 34.91
C 89.39 52.18 35.15
H 89.52 53.28 35.23
H 88.42 51.94 34.68
H 89.39 51.81 36.2
C 90.33 50.04 34.09
H 89.38 49.9 33.54
H 91.01 49.41 33.48
H 90.34 49.5 35.06
C 91.04 53.67 33.18
O 92.19 53.84 33.59
N 90.22 54.71 32.91
H 89.24 54.58 32.77
C 90.6 56.07 32.69
H 91.58 56.04 32.23
C 89.55 56.73 31.78
H 88.53 56.59 32.2
H 89.52 56.27 30.77
C 89.84 58.15 31.3
H 90.86 58.11 30.86
H 89.92 58.81 32.19
C 88.69 58.7 30.46
O 88.32 58.11 29.41
O 88.12 59.71 30.93
C 90.7 56.72 34.02
O 91.73 57.29 34.36
N 89.63 56.51 34.82
H 88.93 55.87 34.53
C 89.69 56.98 36.17
H 90.66 57.46 36.19
C 88.52 57.93 36.43
H 87.54 57.47 36.2
H 88.53 58.85 35.8
C 88.33 58.4 37.88
H 89.23 58.91 38.29
H 88.12 57.45 38.4
C 87.18 59.38 38.08
H 86.26 59.12 37.53
H 87.41 60.38 37.65
C 86.95 59.66 39.57
H 87.79 60.12 40.13
H 86.59 58.73 40.06
N 85.83 60.63 39.64
H 85.91 61.17 40.53
H 85.85 61.31 38.86
H 84.93 60.12 39.63
C 89.62 55.73 36.99
O 88.57 55.11 37.16
N 90.68 55.32 37.61
C 92.06 55.66 37.32
H 92.36 55.57 36.25
H 92.3 56.72 37.52
C 90.6 54.1 38.38
H 89.88 53.44 37.93
C 92.01 53.52 38.49
H 92.26 52.83 37.66
H 92.21 52.92 39.41
C 92.88 54.77 38.26
H 93.87 54.47 37.85
H 93.01 55.31 39.22
C 90.09 54.33 39.76
O 89.92 55.49 40.15
N 89.64 53.28 40.46
H 89.75 52.32 40.19
C 89.1 53.44 41.77
H 88.32 54.19 41.77
C 88.43 52.11 42.15
H 88.05 52.2 43.19
H 89.18 51.3 42.02
C 87.09 51.69 41.52
H 87.1 51.84 40.42
C 86.65 50.25 41.85
H 85.7 50 41.34
H 87.38 49.67 41.26
H 86.69 49.95 42.92
C 86.05 52.7 42.03
H 86.11 52.96 43.11
H 86.06 53.75 41.65
H 85.05 52.34 41.72
C 90.07 53.85 42.82
O 91.23 53.45 42.74
N 89.59 54.66 43.78
H 88.71 55.13 43.74
C 90.46 55.04 44.85
H 91.36 54.45 44.77
C 90.71 56.55 44.97
H 91.41 56.82 45.8
H 89.76 57.09 45.14
C 91.26 57.19 43.75
C 92.57 56.88 43.43
H 93.11 56.27 44.13
C 93.11 57.38 42.27
H 94.16 57.24 42.05
C 92.34 58.17 41.45
O 93.05 58.7 40.35
H 92.49 59.31 39.86
C 90.58 58.13 43.01
H 89.58 58.37 43.34
C 91.08 58.59 41.82
H 90.65 59.42 41.28
C 90.03 54.55 46.19
O 88.83 54.39 46.4
N 90.91 54.32 47.17
H 91.89 54.45 47.03
C 90.52 53.9 48.48
H 91.45 53.98 49.03
H 90.24 52.85 48.43
C 89.58 54.78 49.22
O 89.65 55.98 48.96
N 88.64 54.23 50.02
H 88.53 53.24 50
C 87.83 55.07 50.84
H 88.19 56.09 50.75
C 86.4 55.07 50.4
H 86.07 54.02 50.24
C 85.28 55.61 51.3
H 85.51 56.65 51.62
H 84.28 55.71 50.83
H 85.14 54.99 52.21
C 86.43 55.77 49.03
H 86.27 56.86 49.13
H 87.33 55.59 48.4
H 85.63 55.33 48.4
C 87.95 54.68 52.28
O 88.13 53.51 52.59
N 87.8 55.67 53.18
H 87.7 56.62 52.92
C 87.74 55.47 54.6
H 87.48 54.45 54.84
C 89.09 55.72 55.3
H 89.33 56.8 55.35
H 89.83 55.3 54.59
C 89.26 55.19 56.73
H 89.31 54.08 56.73
H 88.57 55.61 57.5
C 90.56 55.69 57.33
O 91.64 55.21 56.88
O 90.64 56.6 58.2
C 86.62 56.36 55.02
O 86.54 57.46 54.49
N 85.76 55.93 55.97
H 85.87 55.06 56.45
C 84.53 56.58 56.26
H 84.64 57.65 56.17
C 83.45 56.14 55.32
H 83.97 56.06 54.34
C 82.96 54.71 55.6
H 82.34 54.44 54.72
H 83.75 53.93 55.72
H 82.36 54.58 56.53
C 82.32 57.17 55.16
H 81.85 57.22 56.17
H 82.73 58.14 54.84
H 81.52 56.95 54.42
C 84.17 56.21 57.66
O 84.69 55.29 58.29
N 83.21 56.98 58.22
H 82.94 57.73 57.62
C 82.47 56.63 59.39
H 83.11 55.92 59.89
C 82.16 57.8 60.34
H 81.42 57.57 61.13
H 81.73 58.69 59.82
C 83.41 58.08 61.1
C 83.58 57.68 62.41
H 82.82 57.15 62.96
C 84.66 58.16 63.11
H 84.79 57.96 64.16
C 85.63 58.96 62.54
H 86.46 59.33 63.12
C 84.3 58.97 60.54
H 84.16 59.26 59.51
C 85.38 59.41 61.27
H 86.12 60.07 60.84
C 81.23 55.87 59.07
O 80.64 55.92 58
N 80.81 55.16 60.13
H 81.43 55.01 60.89
C 79.57 54.43 60.13
H 79.63 53.76 59.3
C 79.45 53.59 61.37
H 80.39 53 61.41
C 79.41 54.48 62.62
H 79.53 53.73 63.44
H 80.22 55.23 62.54
H 78.45 55.04 62.67
C 78.32 52.56 61.21
H 78.49 51.86 60.36
H 78.4 51.93 62.12
H 77.3 52.98 61.06
C 78.35 55.23 59.84
O 78.16 56.34 60.35
N 77.46 54.72 58.98
H 77.67 53.82 58.6
C 76.25 55.41 58.65
H 75.83 55.83 59.55
H 75.51 54.79 58.16
C 76.38 56.58 57.72
O 75.4 57.21 57.33
N 77.59 56.89 57.22
H 78.34 56.33 57.56
C 77.84 57.95 56.3
H 77.02 58.64 56.27
C 79.12 58.68 56.74
H 79.17 59.47 55.97
H 80.05 58.07 56.81
C 79.01 59.31 58.12
H 78.95 58.57 58.95
H 78.04 59.86 58.18
C 80.06 60.34 58.51
O 79.93 60.72 59.7
O 80.99 60.81 57.79
C 77.92 57.38 54.92
O 77.94 56.17 54.7
N 77.95 58.27 53.92
H 77.88 59.23 54.2
C 77.75 57.91 52.55
H 77.32 56.92 52.44
C 76.59 58.54 51.84
H 76.82 59.62 51.97
O 75.38 58.29 52.54
H 74.76 58.85 52.07
C 76.44 58.21 50.35
H 75.54 58.65 49.88
H 77.31 58.57 49.76
H 76.39 57.11 50.16
C 79.08 57.82 51.87
O 79.94 58.69 52.02
N 79.31 56.72 51.14
H 78.61 56.03 50.98
C 80.5 56.6 50.35
H 80.99 57.57 50.32
C 81.4 55.52 50.98
H 80.86 54.57 50.83
H 82.36 55.37 50.44
H 81.39 55.84 52.04
C 80.13 56.24 48.96
O 79.22 55.52 48.54
N 80.92 56.78 48.02
H 81.83 57.13 48.23
C 80.7 56.66 46.61
H 79.99 55.89 46.33
C 80.29 57.99 45.96
H 80.22 57.83 44.86
H 81.17 58.65 46.13
N 78.05 59.02 45.69
C 79.12 58.75 46.51
C 77.26 59.81 46.4
H 76.34 60.31 46.08
N 77.76 59.98 47.65
H 77.36 60.53 48.38
C 78.96 59.3 47.75
H 79.6 59.42 48.61
C 81.92 56.21 45.89
O 83.02 56.66 46.17
N 81.67 55.26 44.97
H 80.81 54.75 44.88
C 82.76 54.75 44.2
H 83.74 55.15 44.4
C 82.98 53.24 44.42
H 83.83 52.81 43.86
H 82.1 52.69 44.03
C 83.25 52.91 45.85
C 84.56 52.63 46.18
H 85.36 52.78 45.48
C 84.83 52.35 47.5
H 85.79 51.91 47.74
C 83.86 52.24 48.46
H 84.22 51.98 49.44
C 82.28 52.82 46.82
H 81.25 52.96 46.53
C 82.54 52.47 48.12
H 81.83 52.51 48.93
C 82.56 54.82 42.72
O 81.74 54.06 42.2
N 83.43 55.62 42.08
H 84.1 56.19 42.54
C 83.23 55.92 40.7
H 82.3 55.44 40.45
C 83.15 57.44 40.46
H 84.17 57.88 40.59
H 82.45 57.87 41.21
C 82.79 57.8 39.02
H 81.89 57.19 38.78
H 83.62 57.53 38.33
C 82.39 59.27 38.94
O 81.28 59.63 38.46
O 83.21 60.12 39.35
C 84.32 55.35 39.85
O 85.5 55.64 40.04
N 84.12 54.56 38.79
H 83.15 54.47 38.57
C 85.06 54.04 37.84
H 86.02 54.46 38.09
C 85.23 52.56 37.95
H 85.21 52.25 39.01
C 84.02 51.85 37.31
H 84.12 50.76 37.47
H 83.04 52.1 37.77
H 84.02 51.92 36.2
C 86.6 52.14 37.38
H 87.3 52.67 38.05
H 86.64 52.33 36.28
C 86.85 50.65 37.58
H 87.88 50.35 37.3
H 86.76 50.42 38.66
H 86.19 49.99 36.96
C 84.71 54.53 36.47
O 83.55 54.62 36.07
N 85.71 54.91 35.65
H 86.62 54.95 36.05
C 85.47 55.31 34.3
H 84.52 54.84 34.07
C 85.55 56.82 34.01
H 86.49 57.32 34.32
H 84.8 57.19 34.73
C 85.09 57.21 32.6
H 84.18 56.59 32.42
H 85.88 56.95 31.86
C 84.61 58.64 32.43
O 84.13 58.9 31.29
O 84.67 59.53 33.32
C 86.48 54.57 33.49
O 87.66 54.54 33.85
N 86.07 54.08 32.31
H 85.18 54.34 31.95
C 86.8 53.17 31.48
H 87.72 52.88 31.95
C 86.02 51.88 31.16
H 86.33 51.45 30.19
H 84.93 52.08 31.23
C 86.02 50.78 32.24
H 87.07 50.86 32.61
C 85.13 51.01 33.47
H 85.34 51.92 34.06
H 84.04 51.04 33.24
H 85.34 50.09 34.06
C 85.94 49.38 31.62
H 86.95 49.24 31.19
H 85.61 48.66 32.4
H 85.12 49.31 30.87
C 87.14 53.9 30.23
O 86.53 54.95 29.99
N 88.13 53.46 29.43
H 88.61 52.63 29.69
C 88.59 54.14 28.26
H 88.29 55.18 28.36
C 90.1 54 28.04
H 90.33 54.33 27.01
H 90.37 52.92 28.13
O 90.8 54.68 29.08
H 91.72 54.54 28.83
C 87.85 53.6 27.09
O 87.96 54.11 25.98
N 87.02 52.54 27.24
H 86.92 52.2 28.17
C 86.28 51.98 26.15
H 86.76 52.28 25.23
C 86.35 50.45 26.21
H 85.78 50.28 27.15
H 87.4 50.09 26.28
C 85.69 49.7 25.05
H 85.99 50.25 24.14
H 84.6 49.79 25.25
C 86.11 48.24 24.94
O 85.25 47.32 25.02
O 87.32 47.98 24.73
C 84.91 52.57 26.18
O 84.35 52.47 27.27
N 84.29 53.21 25.23
C 85.04 53.76 24.11
H 85.95 54.33 24.39
H 85.31 52.91 23.44
C 82.89 53.27 24.92
H 82.51 53.9 25.71
C 82.75 53.96 23.57
H 81.94 54.7 23.48
H 82.66 53.24 22.72
C 84.08 54.72 23.39
H 83.95 55.68 23.92
H 84.35 54.86 22.32
C 82.07 52.02 24.97
O 82.57 50.98 24.55
N 80.79 52.13 25.34
H 80.4 52.94 25.78
C 79.8 51.1 25.27
H 78.85 51.54 25.54
C 79.59 50.69 23.8
H 78.87 49.85 23.83
H 80.51 50.22 23.42
C 79.02 51.75 22.86
O 78.86 52.9 23.33
O 78.72 51.41 21.68
C 80.21 49.94 26.11
O 80.32 48.8 25.64
N 80.42 50.1 27.43
H 80.35 51.01 27.83
C 81.05 49.1 28.24
H 80.64 48.18 27.84
C 82.55 49.23 28.16
H 82.8 49.45 27.1
C 82.93 50.35 29.14
H 83.85 50.91 28.87
H 82.11 51.08 29.33
H 83.06 49.82 30.11
C 83.18 47.86 28.48
H 82.89 47.43 29.46
H 82.83 47.23 27.63
H 84.29 47.87 28.54
C 80.53 49.09 29.63
O 80.09 50.13 30.1
N 80.46 47.91 30.28
H 80.68 47.03 29.86
C 79.81 47.7 31.54
H 80.2 48.41 32.25
C 78.28 47.74 31.43
H 77.92 48.73 31.08
H 77.75 47.26 32.28
N 77.6 45.52 30.67
C 77.84 46.83 30.32
C 77.31 44.96 29.51
H 77.04 43.91 29.44
N 77.3 45.8 28.44
H 77.14 45.55 27.48
C 77.75 46.99 28.98
H 78.1 47.84 28.42
C 80.19 46.39 32.12
O 80.7 45.51 31.43
N 79.91 46.21 33.42
H 79.31 46.79 33.97
C 80.38 45.01 34.06
H 81.39 45.22 34.38
H 80.46 44.19 33.37
C 79.46 44.68 35.19
O 78.25 44.87 35.25
N 80.11 44.3 36.31
H 81.1 44.43 36.4
C 79.44 44.11 37.56
H 78.58 44.75 37.63
C 79.06 42.64 37.75
H 78.45 42.28 36.89
H 78.45 42.52 38.67
C 80.23 41.66 37.73
H 80.88 42 38.57
H 80.84 41.66 36.8
C 79.83 40.22 38.01
O 80.55 39.48 38.68
N 78.68 39.7 37.48
H 77.96 40.21 37.02
H 78.59 38.71 37.41
C 80.2 44.55 38.76
O 81.43 44.52 38.75
N 79.6 44.95 39.89
H 78.62 44.86 40.07
C 80.29 45.42 41.05
H 81.33 45.63 40.82
C 79.54 46.55 41.77
H 80.07 46.65 42.74
H 78.46 46.38 41.96
C 79.55 47.91 41.1
C 78.64 48.33 40.17
H 77.76 47.73 40.01
N 78.96 49.6 39.77
H 78.51 50.16 39.11
C 80.14 49.98 40.36
C 80.53 48.96 41.23
C 81.66 49.06 41.99
H 82.07 48.19 42.48
C 82.33 50.27 41.93
H 83.21 50.43 42.53
C 80.87 51.14 40.29
H 80.52 51.8 39.52
C 82.01 51.27 41.04
H 82.62 52.16 40.96
C 80.33 44.28 42.02
O 79.71 43.23 41.89
N 81.2 44.41 43.04
H 81.85 45.16 43
C 81.27 43.53 44.16
H 80.28 43.1 44.29
C 82.39 42.5 43.98
H 82.4 41.89 44.91
H 83.41 42.94 43.95
C 82.15 41.59 42.77
H 82.24 42 41.74
H 81.14 41.17 42.97
C 83.02 40.33 42.82
H 82.71 39.78 43.73
H 84.1 40.55 42.95
C 82.83 39.55 41.52
H 82.88 40.24 40.65
H 81.8 39.14 41.49
N 83.78 38.42 41.41
H 84.76 38.76 41.39
H 83.67 37.69 42.15
H 83.64 38 40.47
C 81.54 44.37 45.36
O 82.3 45.32 45.23
N 81.04 44.02 46.56
H 80.35 43.3 46.54
C 81.26 44.71 47.8
H 82.04 45.45 47.77
C 79.9 45.23 48.29
H 79.21 44.37 48.23
H 79.46 46.1 47.75
C 79.85 45.68 49.76
H 80.16 44.85 50.43
C 80.72 46.9 50.11
H 81.81 46.68 50.14
H 80.66 47.69 49.32
H 80.37 47.28 51.09
C 78.39 45.92 50.19
H 77.68 45.12 49.9
H 78.26 46.12 51.28
H 77.97 46.78 49.63
C 81.87 43.78 48.79
O 82.73 44.14 49.6
N 81.42 42.51 48.78
H 80.63 42.31 48.21
C 81.87 41.45 49.64
H 82.73 41.88 50.14
C 80.89 41.33 50.82
H 80.96 42.26 51.43
H 81.16 40.48 51.48
C 79.42 41.16 50.43
H 79.41 40.21 49.85
H 79.1 42.04 49.83
C 78.6 40.94 51.7
H 78.67 41.85 52.33
H 79.1 40.1 52.23
C 77.17 40.51 51.38
H 77.06 39.45 51.09
H 76.75 41.23 50.64
N 76.43 40.57 52.66
H 75.81 39.75 52.77
H 77.04 40.55 53.5
H 75.87 41.45 52.7
C 82.33 40.17 49.05
O 82.03 39.03 49.42
N 83.02 40.26 47.89
H 83.25 41.17 47.56
C 83.44 39.24 46.99
H 84.11 38.53 47.45
H 83.97 39.77 46.21
C 82.48 38.34 46.29
O 82.83 37.24 45.85
N 81.23 38.79 46.1
H 80.88 39.63 46.52
C 80.21 38.13 45.35
H 80.62 37.42 44.65
C 79.12 37.49 46.23
H 79.51 36.53 46.63
H 78.2 37.26 45.64
C 78.73 38.29 47.47
H 78.52 39.37 47.32
H 79.56 38.28 48.21
C 77.58 37.6 48.2
O 77.71 36.42 48.52
N 76.48 38.37 48.42
H 76.37 39.29 48.03
H 75.63 37.94 48.72
C 79.54 39.13 44.47
O 79.46 40.26 44.95
N 79.08 38.8 43.3
C 78.92 37.41 42.92
H 79.88 36.87 42.85
H 78.23 36.84 43.58
C 78.42 39.7 42.39
H 79.16 40.38 42
C 77.88 38.82 41.27
H 78.34 39.19 40.33
H 76.8 38.98 41.06
C 78.22 37.35 41.55
H 78.87 36.93 40.75
H 77.3 36.74 41.66
C 77.32 40.47 43.02
O 76.41 39.88 43.6
N 77.38 41.82 42.97
H 78.1 42.26 42.43
C 76.53 42.69 43.71
H 76.41 42.22 44.68
C 77.15 44.07 44
H 77.39 44.6 43.06
H 78.2 43.9 44.32
C 76.5 45.07 44.97
H 75.52 45.39 44.54
C 76.32 44.39 46.34
H 77.33 44.24 46.79
H 75.53 44.81 47.01
H 75.84 43.4 46.2
C 77.39 46.3 45.23
H 78.4 45.92 45.5
H 77.47 46.93 44.32
H 76.95 46.85 46.09
C 75.16 42.88 43.16
O 75.06 43.09 41.96
N 74.04 42.74 43.9
H 74.1 42.39 44.83
C 72.69 42.95 43.46
H 72.65 43.25 42.43
C 71.74 41.83 43.77
H 71.54 41.69 44.86
O 72.18 40.61 43.2
H 71.37 40.09 43.22
C 70.47 42.19 42.99
H 69.74 41.37 43.19
H 69.95 43.12 43.32
H 70.56 42.2 41.89
C 72.3 44.2 44.18
O 72.46 44.25 45.4
N 71.8 45.2 43.44
H 71.68 45.15 42.45
C 71.4 46.41 44.08
H 72.21 46.88 44.62
C 71.1 47.4 42.94
H 70.13 47.12 42.48
H 70.9 48.43 43.31
H 71.98 47.5 42.27
C 70.2 46.27 44.96
O 69.56 45.23 44.85
N 69.96 47.21 45.89
H 70.57 48.01 45.93
C 69 47.23 46.95
H 68.07 46.87 46.54
C 69.51 46.45 48.17
H 69.71 45.44 47.75
H 68.73 46.33 48.96
O 70.79 46.89 48.58
H 70.79 46.93 49.53
C 68.73 48.65 47.32
O 69.44 49.53 46.84
N 67.82 49.07 48.15
C 66.69 48.26 48.54
H 66.41 47.53 47.75
H 66.98 47.7 49.45
C 67.68 50.43 48.58
H 67.71 51.11 47.74
C 66.35 50.48 49.33
H 65.81 51.42 49.08
H 66.65 50.26 50.38
C 65.57 49.3 48.74
H 65.28 49.52 47.69
H 64.78 48.81 49.34
C 68.88 50.91 49.33
O 69.09 52.12 49.4
N 69.76 50.09 49.92
H 69.63 49.11 50.07
C 70.94 50.63 50.53
H 70.73 51.59 50.97
C 71.16 49.82 51.83
H 70.28 49.91 52.5
H 72 50.3 52.37
C 71.51 48.36 51.6
O 72.66 47.91 51.81
O 70.55 47.63 51.21
C 72.1 50.62 49.6
O 73.08 51.3 49.91
N 72.11 49.94 48.44
H 71.39 49.32 48.13
C 73.14 50 47.46
H 73.88 50.69 47.84
C 73.87 48.66 47.23
H 74.66 48.64 46.45
H 73.07 47.94 46.97
S 74.71 48.12 48.75
H 73.6 47.7 49.34
C 72.62 50.47 46.15
O 71.76 49.83 45.54
N 73.16 51.55 45.56
H 73.98 51.95 45.98
C 72.63 52.24 44.42
H 71.69 51.86 44.06
C 72.22 53.69 44.72
H 72.96 54.3 45.29
H 71.47 53.62 45.54
C 71.64 54.43 43.51
H 70.8 53.83 43.1
H 72.45 54.5 42.76
C 71.15 55.82 43.9
O 70.74 56.51 42.92
O 71.04 56.19 45.1
C 73.61 52.24 43.3
O 74.78 52.49 43.57
N 73.24 51.91 42.05
H 72.31 51.6 41.86
C 74.08 51.68 40.92
H 75.04 52.09 41.2
C 74.17 50.25 40.45
H 73.28 49.87 39.9
C 75.23 49.97 39.37
H 75.29 48.9 39.09
H 75.22 50.56 38.43
H 76.19 50.19 39.88
C 74.4 49.35 41.67
H 73.65 49.6 42.45
H 75.4 49.57 42.1
C 74.3 47.85 41.37
H 74.45 47.24 42.29
H 73.36 47.56 40.87
H 75.11 47.58 40.66
C 73.55 52.52 39.82
O 72.42 52.44 39.34
N 74.41 53.44 39.34
H 75.27 53.54 39.82
C 74.17 54.37 38.27
H 73.19 54.21 37.86
C 74.34 55.82 38.62
H 75.43 56.02 38.66
C 73.72 56.61 37.45
H 73.34 57.61 37.72
H 74.42 56.79 36.61
H 72.79 56.12 37.08
C 73.83 56.25 40
H 74.09 55.5 40.78
H 72.72 56.28 39.97
C 74.2 57.65 40.47
H 75.29 57.8 40.54
H 74.01 58.38 39.65
H 73.68 58.01 41.39
C 75.14 53.96 37.22
O 76.35 53.81 37.42
N 74.66 53.76 35.98
H 73.68 53.91 35.82
C 75.38 53.38 34.81
H 76.36 53.04 35.12
C 74.69 52.23 34.07
H 75.29 51.9 33.19
H 73.71 52.52 33.64
C 74.48 51 34.97
H 73.82 51.28 35.81
H 75.49 50.62 35.25
C 73.79 49.89 34.19
O 74.31 49.5 33.11
O 72.65 49.52 34.58
C 75.49 54.46 33.78
O 74.65 55.33 33.57
N 76.67 54.55 33.15
H 77.47 54.02 33.4
C 76.83 55.47 32.06
H 75.9 55.66 31.56
C 77.49 56.79 32.49
H 78.58 56.64 32.58
H 77.07 56.99 33.5
C 77.25 58.06 31.67
O 77.84 58.31 30.59
O 76.39 58.82 32.18
C 77.61 54.79 30.99
O 77.91 53.6 31.04
N 77.88 55.54 29.91
H 77.86 56.52 30.1
C 78.34 55.2 28.59
H 78.69 56.13 28.18
H 77.68 54.7 27.9
C 79.55 54.33 28.62
O 79.69 53.4 27.83
N 80.43 54.82 29.51
H 80.22 55.72 29.87
C 81.62 54.08 29.8
H 81.46 53.01 29.73
C 82.8 54.45 28.9
H 82.6 54.15 27.85
H 83.68 53.85 29.22
C 83.09 55.95 28.93
H 83.21 56.33 29.96
H 82.18 56.52 28.61
C 84.22 56.23 27.94
H 83.72 56.27 26.94
H 84.94 55.39 27.89
C 84.99 57.55 28.09
H 84.22 58.35 28.04
H 85.75 57.63 27.28
N 85.6 57.49 29.43
H 85.14 58.04 30.18
H 85.85 56.54 29.75
H 86.5 58 29.33
C 82.08 54.29 31.2
O 83.17 53.81 31.52
N 81.3 54.91 32.1
H 80.41 55.24 31.78
C 81.52 55.23 33.48
H 82.47 54.83 33.78
C 81.46 56.76 33.56
H 80.58 57.21 33.05
H 82.26 57.01 32.82
C 81.57 57.26 35
H 82.43 56.78 35.52
H 80.57 57.04 35.45
C 81.85 58.76 34.95
H 82.61 59 34.18
H 82.26 59.09 35.93
C 80.65 59.67 34.7
H 79.86 59.45 35.45
H 80.27 59.46 33.68
N 80.94 61.12 34.73
H 80.14 61.77 34.62
H 81.36 61.42 35.63
H 81.65 61.38 34.01
C 80.41 54.68 34.31
O 79.26 54.57 33.89
N 80.79 54.25 35.53
H 81.73 54.27 35.86
C 79.93 53.59 36.46
H 78.93 53.88 36.17
C 80.17 52.07 36.45
H 79.73 51.62 37.36
H 81.26 51.85 36.5
N 78.34 51.22 34.92
C 79.68 51.46 35.17
C 78.33 51.09 33.61
H 77.45 50.73 33.07
N 79.53 51.15 32.98
H 79.76 51.04 32.02
C 80.41 51.39 34.02
H 81.41 51.79 33.88
C 80.09 54.08 37.85
O 81.2 54.41 38.26
N 79.02 54.16 38.66
H 78.1 53.85 38.43
C 79.02 54.64 40.01
H 80.04 54.64 40.36
C 78.41 55.98 40.29
H 77.32 55.9 40.09
C 78.59 56.37 41.77
H 77.82 55.81 42.34
H 79.65 56.15 42.03
H 78.37 57.45 41.9
C 78.96 57.06 39.34
H 79.81 56.62 38.78
H 79.26 57.9 40
C 77.9 57.41 38.3
H 77.04 57.91 38.8
H 78.42 58.06 37.56
H 77.55 56.51 37.75
C 78.34 53.6 40.83
O 77.27 53.17 40.39
N 78.91 53.32 42.01
H 79.87 53.56 42.16
C 78.3 52.6 43.08
H 77.35 52.27 42.71
C 79.16 51.4 43.5
H 80.24 51.6 43.7
H 79.05 50.74 42.61
C 78.65 50.55 44.68
H 78.87 51.16 45.58
C 77.16 50.15 44.61
H 76.43 50.96 44.43
H 76.99 49.44 43.78
H 76.88 49.56 45.51
C 79.45 49.24 44.71
H 79.16 48.76 45.66
H 79.28 48.62 43.8
H 80.54 49.42 44.82
C 78.25 53.46 44.3
O 79.31 53.94 44.7
N 77.07 53.64 44.92
H 76.18 53.37 44.57
C 76.91 54.4 46.13
H 77.84 54.87 46.42
C 75.92 55.52 46.02
H 74.94 55.09 45.74
C 75.82 56.43 47.25
H 76.82 56.85 47.49
H 75.12 57.21 46.9
H 75.43 55.96 48.18
C 76.17 56.42 44.79
H 77.26 56.5 44.59
H 76.04 57.49 45.06
C 75.3 56.04 43.6
H 75.13 54.94 43.58
H 74.26 56.35 43.86
H 75.64 56.39 42.6
C 76.55 53.37 47.15
O 75.6 52.61 47.03
N 77.23 53.36 48.32
H 77.95 54.04 48.43
C 76.95 52.56 49.47
H 76.3 51.77 49.12
C 78.27 52.04 50.07
H 78.12 51.69 51.11
H 78.78 53.03 50.11
C 79.12 51.02 49.29
H 79.42 51.45 48.31
C 80.39 50.69 50.1
H 81.01 51.53 50.48
H 80.11 50.04 50.96
H 81.06 50.09 49.46
C 78.4 49.69 49
H 77.85 49.23 49.85
H 77.6 49.77 48.23
H 79.13 48.95 48.63
C 76.32 53.51 50.42
O 77.01 54.3 51.05
N 74.98 53.45 50.53
H 74.36 52.84 50.03
C 74.36 54.41 51.39
H 74.71 55.43 51.26
C 72.87 54.48 51.01
H 72.41 55.24 51.67
H 72.35 53.49 51.04
N 72.85 56.47 49.56
C 72.61 55.12 49.68
C 72.63 56.68 48.27
H 72.71 57.67 47.84
N 72.3 55.57 47.56
H 72.26 55.44 46.57
C 72.29 54.54 48.49
H 72.12 53.5 48.26
C 74.45 54.11 52.84
O 73.93 53.07 53.25
N 74.95 55.05 53.67
H 75.36 55.91 53.39
C 74.86 54.92 55.09
H 75.45 55.71 55.53
C 73.44 55.11 55.63
H 73.51 55.15 56.73
H 72.71 54.29 55.43
C 72.87 56.42 55.08
O 71.81 56.41 54.46
N 73.62 57.52 55.34
H 74.41 57.48 55.96
H 73.26 58.37 54.96
C 75.64 53.79 55.68
O 75.15 52.99 56.47
N 76.92 53.66 55.27
H 77.35 54.45 54.83
C 77.78 52.54 55.45
H 77.53 51.66 54.87
C 79.26 52.85 55.14
H 79.97 52.09 55.53
H 79.55 53.81 55.61
S 79.48 52.97 53.34
H 78.56 53.82 52.93
C 77.87 51.88 56.78
O 78.15 52.41 57.85
N 77.67 50.55 56.77
H 77.35 50.11 55.94
C 77.7 49.78 57.98
H 77.63 50.41 58.85
C 76.73 48.59 58.1
H 76.72 48.13 59.11
H 77.13 47.79 57.43
C 75.31 48.93 57.66
H 74.72 47.99 57.57
H 75.03 49.48 56.74
C 74.71 49.72 58.82
O 74.24 49.17 59.81
N 74.73 51.08 58.76
H 75.01 51.62 57.97
H 74.54 51.63 59.58
C 79.07 49.24 58.21
O 79.88 49.03 57.3
N 79.33 49.15 59.52
H 78.61 49.45 60.14
C 80.58 48.74 60.1
H 81.25 49.55 59.86
C 80.49 48.75 61.63
H 79.74 48.03 62.02
H 80.14 49.76 61.93
C 81.78 48.45 62.41
H 82.19 47.44 62.19
C 82.93 49.45 62.2
H 83.35 49.47 61.17
H 82.6 50.5 62.33
H 83.81 49.22 62.85
C 81.56 48.39 63.93
H 80.68 47.77 64.22
H 82.45 47.99 64.45
H 81.47 49.46 64.21
C 81.18 47.5 59.55
O 82.39 47.35 59.4
N 80.36 46.49 59.19
H 79.37 46.55 59.31
C 80.87 45.29 58.6
H 80.14 44.49 58.68
H 81.77 45.06 59.14
C 81.22 45.3 57.16
O 81.39 44.27 56.52
N 81.19 46.49 56.52
H 80.82 47.32 56.94
C 81.4 46.64 55.12
H 81.32 45.68 54.64
C 80.35 47.58 54.48
H 80.49 47.85 53.41
H 80.42 48.51 55.09
C 78.96 46.95 54.47
H 78.81 46.3 55.36
H 78.91 46.23 53.63
S 77.56 48.11 54.36
C 78.2 49.06 52.95
H 77.41 49.7 52.49
H 78.97 49.76 53.34
H 78.72 48.41 52.21
C 82.79 47.04 54.78
O 83.11 47.19 53.6
N 83.71 47.01 55.76
H 83.26 46.93 56.65
C 85.13 47.08 55.61
H 85.35 48.01 55.09
C 85.83 47.14 56.93
H 85.47 46.32 57.58
O 85.56 48.4 57.53
H 85.64 48.15 58.45
C 87.35 47.03 56.76
H 87.8 47.11 57.77
H 87.59 46.02 56.36
H 87.71 47.8 56.04
C 85.62 46 54.71
O 85.49 44.83 55.07
N 86.19 46.29 53.53
H 86.19 47.25 53.28
C 86.48 45.22 52.62
H 85.58 44.77 52.24
H 87.16 44.52 53.08
C 87.12 45.92 51.46
O 87.75 46.96 51.65
N 86.86 45.38 50.26
H 86.15 44.69 50.14
C 87.47 45.73 49.01
H 87.98 46.67 49.14
C 88.34 44.6 48.43
H 87.79 43.66 48.23
H 89 44.23 49.25
C 89.2 45.05 47.24
H 89.8 45.98 47.34
H 88.49 45.34 46.43
C 90.11 43.92 46.81
O 89.7 42.86 46.27
O 91.34 44.17 46.94
C 86.35 45.91 48.05
O 85.45 45.07 48
N 86.29 47.1 47.43
H 87.1 47.68 47.38
C 85.2 47.45 46.57
H 84.44 46.71 46.76
C 84.61 48.78 46.94
H 85.27 49.62 46.65
C 83.36 48.93 46.04
H 83.7 48.9 44.99
H 82.65 48.08 46.1
H 82.83 49.84 46.39
C 84.25 48.74 48.43
H 83.6 49.59 48.71
H 83.66 47.84 48.71
H 85.18 48.78 49.04
C 85.71 47.29 45.18
O 86.67 47.93 44.77
N 85.08 46.47 44.32
H 84.27 45.93 44.54
C 85.82 46.06 43.16
H 86.66 46.68 42.89
C 86.38 44.65 43.43
H 85.58 43.98 43.82
H 87.19 44.83 44.16
O 87.12 44.01 42.4
H 87.81 43.61 42.94
C 84.85 46.06 42.03
O 83.68 45.68 42.16
N 85.27 46.53 40.85
H 86.21 46.86 40.77
C 84.49 46.46 39.65
H 83.49 46.11 39.86
C 84.39 47.9 39.11
H 85.32 48.41 38.8
H 84.02 48.61 39.89
C 83.5 48.02 37.92
C 82.15 48.26 38.03
H 81.67 48.38 38.99
C 81.32 48.11 36.95
H 80.25 48.08 37.07
C 81.89 47.95 35.71
H 81.32 47.95 34.8
C 84.05 47.78 36.68
H 85.1 47.61 36.52
C 83.25 47.77 35.56
H 83.72 47.73 34.6
C 85.2 45.5 38.75
O 86.41 45.6 38.56
N 84.37 44.58 38.23
H 83.44 44.53 38.58
C 84.83 43.48 37.44
H 85.89 43.54 37.28
C 84.55 42.15 38.16
H 84.71 41.24 37.56
H 83.48 42.01 38.43
C 85.37 41.87 39.41
H 85.04 40.89 39.82
H 85.19 42.45 40.34
C 86.83 41.68 39.01
O 87.16 41.18 37.93
N 87.77 42.06 39.92
H 87.49 42.66 40.67
H 88.72 41.81 39.72
C 84.15 43.51 36.11
O 82.92 43.41 36.12
N 84.93 43.53 35.01
H 85.92 43.56 35.07
C 84.45 43.36 33.67
H 83.55 42.77 33.77
C 84.12 44.71 33.01
H 83.57 44.63 32.04
H 83.4 45.24 33.67
H 85 45.35 32.81
C 85.42 42.54 32.89
O 86.54 42.24 33.3
N 85.01 42.03 31.71
H 84.09 42.27 31.42
C 85.64 41 30.95
H 85.65 40.08 31.53
C 84.92 40.8 29.61
H 83.95 40.35 29.92
H 84.72 41.72 29.02
H 85.29 39.94 29.01
C 87.04 41.3 30.54
O 87.86 40.38 30.5
N 87.46 42.55 30.3
H 86.8 43.29 30.35
C 88.82 42.91 30.05
H 89.55 42.17 30.33
C 88.84 43.35 28.58
H 89.81 43.84 28.33
H 88.01 44.04 28.33
C 88.56 42.15 27.69
O 87.42 41.71 27.5
N 89.61 41.53 27.09
H 90.53 41.9 27.21
H 89.34 40.66 26.68
C 89.33 44.03 30.9
O 90.34 44.67 30.6
N 88.66 44.31 32.03
H 87.9 43.72 32.28
C 88.87 45.47 32.84
H 89.93 45.67 32.84
C 88.21 46.72 32.24
H 87.1 46.63 32.27
H 88.47 47.7 32.7
H 88.61 46.97 31.24
C 88.57 45.23 34.28
O 87.5 44.74 34.65
N 89.5 45.62 35.17
H 90.34 46.09 34.9
C 89.22 45.41 36.56
H 88.18 45.57 36.77
C 89.7 44.02 37.01
H 89.46 43.32 36.18
H 89.13 43.75 37.93
C 91.17 43.74 37.35
H 91.4 44.28 38.29
H 91.75 44.24 36.54
C 91.65 42.29 37.38
H 91.83 41.94 36.34
H 90.77 41.72 37.77
C 92.83 41.86 38.25
H 92.93 40.76 38.11
H 92.72 42.19 39.3
N 94.08 42.5 37.78
H 93.92 43.5 37.54
H 94.9 42.45 38.41
H 94.4 42 36.92
C 90 46.46 37.28
O 91.01 46.96 36.8
N 89.48 46.98 38.41
H 88.61 46.66 38.77
C 90.1 47.95 39.26
H 91.17 47.78 39.33
C 89.95 49.42 38.82
H 88.9 49.73 38.97
H 90.2 49.51 37.74
O 90.82 50.32 39.49
H 91.68 50.19 39.1
C 89.44 47.77 40.58
O 88.3 47.3 40.65
N 90.07 48.16 41.7
H 90.97 48.59 41.69
C 89.49 47.91 42.99
H 88.42 47.92 42.85
C 89.79 46.56 43.64
H 89.83 45.71 42.93
H 90.8 46.54 44.11
H 88.97 46.26 44.32
C 89.96 49.01 43.88
O 91.02 49.6 43.67
N 89.26 49.12 45.02
H 88.49 48.51 45.21
C 89.53 49.97 46.14
H 90.54 50.34 46.06
C 88.5 51.12 46.07
H 88.62 51.87 46.88
H 88.66 51.68 45.13
H 87.46 50.73 46
C 89.36 49.25 47.43
O 88.64 48.26 47.43
N 89.83 49.8 48.57
H 90.35 50.65 48.58
C 89.54 49.36 49.9
H 88.93 48.47 49.8
C 90.79 49.32 50.78
H 90.64 49.1 51.86
H 91.4 50.24 50.66
C 91.56 48.14 50.2
O 92.73 48.24 49.84
N 90.94 46.93 50.17
H 90.21 46.75 50.82
H 91.5 46.2 49.78
C 88.56 50.29 50.53
O 88.65 51.5 50.28
N 87.64 49.71 51.32
H 87.6 48.72 51.32
C 86.84 50.5 52.2
H 86.97 51.57 52.14
C 85.36 50.14 52.03
H 85.19 49.05 52.17
H 85.15 50.3 50.95
C 84.23 50.85 52.79
H 84.25 50.65 53.89
C 84.41 52.36 52.58
H 84.52 52.51 51.49
H 83.58 53.02 52.91
H 85.33 52.74 53.08
C 82.85 50.45 52.23
H 81.99 50.89 52.78
H 82.82 50.77 51.17
H 82.76 49.34 52.23
C 87.19 50.24 53.63
O 87.49 49.08 53.91
N 87.22 51.22 54.55
H 87.12 52.16 54.24
C 87.31 50.96 55.96
H 86.97 49.96 56.17
C 88.72 51.22 56.52
H 89.03 52.21 56.1
H 89.42 50.59 55.93
C 89.06 51.16 58.01
H 88.88 50.08 58.21
H 88.44 51.83 58.64
C 90.56 51.45 58.08
H 90.8 52.53 57.91
H 91.12 50.88 57.31
C 91.17 50.99 59.4
H 90.85 49.94 59.57
H 90.98 51.59 60.32
N 92.64 51 59.25
H 92.78 51.83 58.64
H 93.24 51.11 60.09
H 92.85 50.07 58.82
C 86.34 51.87 56.63
O 86.44 53.09 56.65
N 85.42 51.23 57.37
H 85.49 50.24 57.5
C 84.41 51.87 58.16
H 84.22 52.82 57.67
C 83.1 51.14 58.22
H 83.27 50.2 58.78
C 81.97 51.89 58.94
H 81.7 52.81 58.37
H 81 51.35 58.99
H 82.21 52.13 60
C 82.74 50.68 56.8
H 83.17 51.35 56.03
H 83.04 49.63 56.57
H 81.64 50.72 56.65
C 84.9 52.12 59.54
O 85.33 51.18 60.2
N 84.8 53.33 60.13
H 84.66 54.09 59.51
C 85.28 53.64 61.44
H 85.74 52.78 61.89
C 86.21 54.87 61.46
H 86.36 55.15 62.53
H 85.75 55.75 60.98
C 87.58 54.7 60.8
H 87.57 54.51 59.7
H 88.12 53.82 61.2
C 88.46 55.95 60.94
H 89.49 55.59 60.75
H 88.4 56.18 62.03
C 87.99 57.05 59.99
H 87.21 57.57 60.58
H 87.6 56.67 59.03
N 89.11 58.02 59.89
H 89.87 57.64 59.3
H 88.81 58.95 59.52
H 89.56 58.13 60.82
C 84.16 53.83 62.41
O 83.07 54.32 62.11
N 84.37 53.35 63.65
H 85.23 52.93 63.95
C 83.36 53.42 64.65
H 82.45 53.72 64.15
C 83.2 52.05 65.33
H 83.01 51.36 64.48
H 82.31 52.04 65.99
C 84.3 51.45 66.21
H 83.9 50.65 66.87
H 84.72 52.16 66.95
C 85.58 50.9 65.59
O 86.07 49.86 66.1
O 86.06 51.55 64.62
C 83.59 54.5 65.65
O 84.71 54.67 66.13
N 82.58 55.35 65.9
H 81.68 55.15 65.52
C 82.6 56.29 66.98
H 83.49 56.9 66.87
C 81.36 57.19 66.97
H 81.21 57.71 67.94
H 80.55 56.51 66.64
C 81.27 58.29 65.9
H 81.51 57.85 64.91
C 79.85 58.85 65.77
H 79.75 59.37 64.79
H 79.04 58.09 65.74
H 79.67 59.58 66.58
C 82.37 59.35 66.13
H 82.33 59.59 67.22
H 83.42 59.04 65.96
H 82.09 60.32 65.67
C 82.71 55.67 68.33
O 81.96 54.73 68.62
N 83.67 56.18 69.12
H 84.21 56.87 68.65
C 84.06 55.68 70.41
H 83.42 54.86 70.71
C 85.49 55.13 70.54
H 86.15 56.02 70.53
H 85.57 54.66 71.55
C 85.91 54.09 69.5
H 85.18 53.25 69.49
H 85.85 54.52 68.47
C 87.31 53.54 69.76
H 87.5 52.7 69.06
H 88.06 54.34 69.56
N 87.48 53.2 71.2
H 87.67 53.85 71.93
C 86.71 52.27 71.85
N 86.5 52.44 73.18
H 85.76 51.93 73.61
H 86.76 53.34 73.54
N 86.2 51.19 71.19
H 85.45 50.75 71.68
H 86.53 50.99 70.27
C 83.93 56.83 71.34
O 84.15 58 71.02
N 83.45 56.51 72.55
H 83.32 55.55 72.79
C 83.07 57.49 73.53
H 83.61 58.39 73.29
C 81.56 57.73 73.38
H 81.44 58.11 72.34
H 81.03 56.76 73.39
O 80.96 58.59 74.33
H 80.2 58.99 73.9
C 83.39 56.96 74.89
O 83.35 55.76 75.15
N 83.52 57.89 75.85
H 83.48 58.82 75.48
C 83.43 57.73 77.27
H 83.64 56.7 77.51
C 84.46 58.74 77.81
H 83.96 59.74 77.76
H 84.72 58.62 78.88
H 85.37 58.77 77.18
C 82.11 58.02 77.89
O 81.95 57.79 79.09
N 81.08 58.52 77.19
H 81.14 58.77 76.22
C 79.74 58.63 77.68
H 79.76 58.69 78.76
C 79.23 60.06 77.41
H 79.97 60.85 77.65
H 78.98 60.3 76.36
H 78.3 60.22 78
C 78.83 57.5 77.35
O 77.97 57.2 78.18
N 78.97 56.9 76.15
H 79.54 57.23 75.4
C 78.09 55.83 75.8
H 77.5 55.48 76.64
C 77.24 56.14 74.56
H 77.94 56.47 73.75
H 76.67 55.26 74.2
C 76.36 57.33 74.9
O 76.42 58.41 74.32
N 75.46 57.16 75.91
H 74.87 57.95 76.05
H 75.45 56.31 76.44
C 78.94 54.7 75.34
O 80 54.87 74.74
N 78.54 53.42 75.52
H 77.62 53.25 75.85
C 79.26 52.26 75.1
H 80.29 52.4 75.38
C 78.64 51.01 75.74
H 77.54 51.05 75.57
H 79.11 50.07 75.37
C 78.79 51.05 77.26
O 79.9 51.46 77.69
O 77.84 50.62 77.97
C 79.28 52.04 73.62
O 80.18 51.44 73.03
N 78.24 52.52 72.91
H 77.63 53.06 73.48
C 78.16 52.27 71.5
H 79.12 52.2 71.01
C 77.23 51.08 71.21
H 77.57 50.13 71.67
H 76.22 51.37 71.57
C 76.93 50.73 69.75
H 76.48 49.73 69.59
H 76.25 51.49 69.3
C 78.2 50.64 68.92
O 78.38 51.36 67.9
O 79.09 49.83 69.28
C 77.58 53.51 70.91
O 76.69 54.15 71.46
N 77.95 54.05 69.73
H 78.52 53.55 69.08
C 77.41 55.3 69.28
H 76.55 55.65 69.83
C 78.56 56.31 69.16
H 79.33 55.87 68.49
H 78.23 57.29 68.74
C 79.17 56.56 70.53
O 78.74 57.42 71.29
N 80.34 55.89 70.7
H 80.63 55.7 71.64
H 80.83 55.31 70.05
C 76.83 55.1 67.93
O 76.39 56.09 67.35
N 76.71 53.86 67.42
H 77.07 53.05 67.88
C 75.97 53.58 66.23
H 75.36 54.46 66.14
C 76.86 53.36 65
H 77.77 54 64.95
H 77.23 52.33 65.18
C 76.14 53.48 63.7
C 75.64 52.36 63.08
H 76.01 51.43 63.47
C 74.77 52.43 62.02
H 74.39 51.52 61.58
C 74.41 53.7 61.61
O 73.41 53.76 60.61
H 73.09 54.66 60.47
C 75.75 54.72 63.25
H 76.05 55.62 63.77
C 74.98 54.84 62.12
H 74.69 55.84 61.83
C 74.91 52.55 66.46
O 74.89 51.77 67.41
N 73.93 52.53 65.55
H 74 53.18 64.79
C 72.86 51.6 65.37
H 72.14 52.1 64.74
C 73.28 50.37 64.56
H 72.47 49.61 64.58
H 73.49 50.69 63.51
H 74.19 49.89 64.97
C 72 51.43 66.58
O 71.77 50.31 67.02
N 71.45 52.52 67.15
H 71.7 53.43 66.84
C 70.68 52.61 68.36
H 71.35 52.38 69.17
C 70.24 54.06 68.65
H 71.12 54.73 68.73
H 69.6 54.46 67.84
C 69.58 54.33 70.02
H 68.67 53.7 70.13
C 70.58 54.21 71.18
H 71.46 54.86 70.99
H 70.1 54.53 72.13
H 70.87 53.16 71.35
C 69.14 55.8 69.91
H 68.16 55.85 69.39
H 69.22 56.39 70.85
H 69.82 56.34 69.21
C 69.48 51.73 68.4
O 69.06 51.18 69.41
N 68.79 51.62 67.25
H 69.03 52.1 66.41
C 67.61 50.81 67.16
H 66.96 51.27 67.88
C 67.08 51.05 65.73
H 67.89 50.7 65.06
H 66.19 50.43 65.51
H 66.79 52.11 65.57
C 67.8 49.36 67.44
O 66.9 48.68 67.93
N 68.95 48.81 67.02
H 69.73 49.38 66.78
C 69.17 47.4 66.86
H 68.23 46.97 66.57
C 70.27 47.22 65.8
H 71.06 47.97 66.02
H 70.57 46.16 65.69
H 69.83 47.49 64.82
C 69.49 46.69 68.17
O 68.79 45.67 68.4
O 70.34 47.11 69.01
Charge
0
Print
Orbital Mapping
Wave Functions

End_print
Dump Hamil
Dump Overlap
